19 11 1.99403846154
20 11 2.08608974359
21 11 1.51724358974
22 11 1.38448717949
23 11 0.884102564103
24 11 1.38916666667
25 11 2.23814102564
26 11 2.45358974359
27 11 2.35153846154
28 11 1.86102564103
29 11 1.5416025641
30 11 1.43423076923
31 11 1.75532051282
32 11 1.49641025641
33 11 1.83974358974
34 11 2.60006410256
35 11 1.90275641026
36 11 2.01717948718
37 11 1.71782051282
38 11 2.55192307692
39 11 2.57333333333
40 11 1.69378205128
41 11 2.8891025641
42 11 1.80942307692
43 11 2.63621794872
44 11 2.40775641026
45 11 1.94724358974
46 11 2.02846153846
47 11 1.7383974359
48 11 1.90775641026
49 11 1.92852564103
50 11 2.5841025641
51 11 1.86852564103
52 11 1.6841025641
53 11 2.00685897436
54 11 2.24192307692
55 11 1.57358974359
56 11 2.06262820513
57 11 2.03442307692
58 11 1.86384615385
59 11 1.88358974359
60 11 2.09256410256
61 11 2.61596153846
62 11 2.04666666667
63 11 1.72532051282
64 11 2.21564102564
65 11 2.47673076923
66 11 2.3016025641
67 11 2.35673076923
68 11 1.82974358974
69 11 3.53326923077
70 11 4.87814102564
71 11 3.31634615385
72 11 2.49051282051
73 11 3.43262820513
74 11 1.96852564103
75 11 1.56384615385
76 11 2.56121794872
77 11 3.86769230769
78 11 2.38153846154
79 11 2.88051282051
80 11 2.49666666667
81 11 3.03788461538
19 12 1.21788461538
20 12 1.46435897436
21 12 1.46826923077
22 12 1.29384615385
23 12 1.22967948718
24 12 1.43935897436
25 12 1.29564102564
26 12 1.63070512821
27 12 1.74512820513
28 12 1.68198717949
29 12 1.8
30 12 1.40179487179
31 12 1.45935897436
32 12 1.6166025641
33 12 2.12294871795
34 12 1.66608974359
35 12 1.87852564103
36 12 1.4516025641
37 12 2.07032051282
38 12 2.37852564103
39 12 1.70378205128
40 12 1.22115384615
41 12 1.42333333333
42 12 3.03205128205
43 12 2.38903846154
44 12 1.70557692308
45 12 1.86371794872
46 12 1.68333333333
47 12 1.52352564103
48 12 1.47288461538
49 12 1.75275641026
50 12 1.69525641026
51 12 1.74858974359
52 12 1.66557692308
53 12 1.60217948718
54 12 1.69737179487
55 12 1.6741025641
56 12 2.29429487179
57 12 1.97711538462
58 12 1.63448717949
59 12 2.32294871795
60 12 2.54198717949
61 12 2.17314102564
62 12 2.55333333333
63 12 1.94673076923
64 12 1.76032051282
65 12 1.82275641026
66 12 1.53096153846
67 12 1.75044871795
68 12 1.68262820513
69 12 2.92980769231
70 12 3.73634615385
71 12 3.30743589744
72 12 2.80115384615
73 12 2.48897435897
74 12 2.34211538462
75 12 1.60230769231
76 12 1.88865384615
77 12 2.89756410256
78 12 1.9575
79 12 1.865
80 12 2.79980769231
81 12 2.46108974359
19 13 1.66987179487
20 13 1.35326923077
21 13 1.43846153846
22 13 1.39570512821
23 13 1.23692307692
24 13 1.37480769231
25 13 1.42948717949
26 13 1.68967948718
27 13 1.76314102564
28 13 1.54166666667
29 13 1.62634615385
30 13 1.26147435897
31 13 1.28679487179
32 13 1.30884615385
33 13 1.76865384615
34 13 1.62044871795
35 13 1.33083333333
36 13 1.76897435897
37 13 1.60769230769
38 13 1.70641025641
39 13 1.48711538462
40 13 1.3816025641
41 13 1.36269230769
42 13 2.12929487179
43 13 2.06243589744
44 13 1.53044871795
45 13 2.29057692308
46 13 1.73596153846
47 13 1.45480769231
48 13 1.23519230769
49 13 1.58903846154
50 13 1.68551282051
51 13 1.82974358974
52 13 1.54737179487
53 13 1.37955128205
54 13 1.73243589744
55 13 1.60621794872
56 13 1.66044871795
57 13 1.63519230769
58 13 1.71724358974
59 13 1.69897435897
60 13 2.18564102564
61 13 2.05096153846
62 13 2.13961538462
63 13 2.06679487179
64 13 1.69173076923
65 13 1.49871794872
66 13 1.6883974359
67 13 1.92025641026
68 13 1.74730769231
69 13 2.19794871795
70 13 3.00634615385
71 13 2.77121794872
72 13 2.13467948718
73 13 1.86423076923
74 13 1.85820512821
75 13 1.53538461538
76 13 1.84384615385
77 13 2.1191025641
78 13 1.95551282051
79 13 2.0458974359
80 13 2.10608974359
81 13 1.80519230769
19 14 1.32224358974
20 14 1.16326923077
21 14 1.0233974359
22 14 1.04730769231
23 14 1.24647435897
24 14 1.3608974359
25 14 1.22224358974
26 14 1.12269230769
27 14 1.18532051282
28 14 1.09115384615
29 14 1.0216025641
30 14 1.02641025641
31 14 1.20333333333
32 14 1.42108974359
33 14 1.26814102564
34 14 1.27955128205
35 14 1.08275641026
36 14 1.21102564103
37 14 1.31358974359
38 14 1.38217948718
39 14 0.889871794872
40 14 0.970429487179
41 14 1.14192307692
42 14 1.45788461538
43 14 1.95493589744
44 14 1.26371794872
45 14 1.39775641026
46 14 1.42333333333
47 14 1.18147435897
48 14 1.44352564103
49 14 1.33923076923
50 14 1.41307692308
51 14 1.54820512821
52 14 1.44
53 14 1.27455128205
54 14 1.24621794872
55 14 1.24153846154
56 14 1.39397435897
57 14 1.42403846154
58 14 1.68083333333
59 14 1.57557692308
60 14 2.01012820513
61 14 2.11711538462
62 14 2.13108974359
63 14 2.16333333333
64 14 1.86
65 14 1.49474358974
66 14 1.34012820513
67 14 1.35615384615
68 14 1.20288461538
69 14 1.35967948718
70 14 2.25884615385
71 14 2.30019230769
72 14 1.87141025641
73 14 1.4991025641
74 14 1.51134615385
75 14 1.5616025641
76 14 1.46532051282
77 14 1.63121794872
78 14 2.47025641026
79 14 2.29211538462
80 14 2.14403846154
81 14 2.20871794872
19 15 1.36083333333
20 15 0.805192307692
21 15 0.854730769231
22 15 0.986435897436
23 15 0.994102564103
24 15 0.955596153846
25 15 1.36891025641
26 15 1.0833974359
27 15 1.21628205128
28 15 1.23679487179
29 15 1.15108974359
30 15 1.1283974359
31 15 0.705705128205
32 15 0.902762820513
33 15 1.09730769231
34 15 1.14583333333
35 15 1.2616025641
36 15 1.22288461538
37 15 1.14564102564
38 15 1.91615384615
39 15 1.56519230769
40 15 1.30583333333
41 15 1.09903846154
42 15 1.13628205128
43 15 1.57179487179
44 15 1.34185897436
45 15 1.22378205128
46 15 1.38852564103
47 15 1.01102564103
48 15 1.24653846154
49 15 1.29025641026
50 15 1.30282051282
51 15 1.32179487179
52 15 1.25243589744
53 15 1.12275641026
54 15 1.18096153846
55 15 1.19826923077
56 15 1.10737179487
57 15 1.31923076923
58 15 1.31391025641
59 15 1.31634615385
60 15 1.86423076923
61 15 2.09717948718
62 15 2.05871794872
63 15 2.09166666667
64 15 1.9191025641
65 15 1.56717948718
66 15 1.33064102564
67 15 1.29775641026
68 15 1.11025641026
69 15 1.19647435897
70 15 1.54192307692
71 15 1.84634615385
72 15 1.53980769231
73 15 1.23576923077
74 15 1.20474358974
75 15 1.44846153846
76 15 1.49025641026
77 15 1.50993589744
78 15 1.33935897436
79 15 1.83076923077
80 15 2.10269230769
81 15 1.99846153846
19 16 0.726493589744
20 16 0.930916666667
21 16 0.913467948718
22 16 0.863788461538
23 16 0.678198717949
24 16 0.890076923077
25 16 0.905448717949
26 16 0.640256410256
27 16 1.26070512821
28 16 1.22743589744
29 16 1.24307692308
30 16 0.935711538462
31 16 0.738820512821
32 16 0.814301282051
33 16 1.07923076923
34 16 0.846948717949
35 16 1.00487179487
36 16 1.0118525641
37 16 1.09826923077
38 16 1.29198717949
39 16 1.25820512821
40 16 1.10756410256
41 16 0.965846153846
42 16 1.24628205128
43 16 1.37666666667
44 16 1.3166025641
45 16 1.35769230769
46 16 1.3316025641
47 16 1.11102564103
48 16 1.12506410256
49 16 1.23628205128
50 16 1.18461538462
51 16 1.10576923077
52 16 1.02262820513
53 16 0.953282051282
54 16 1.02557692308
55 16 0.834608974359
56 16 1.02621794872
57 16 1.23198717949
58 16 1.18634615385
59 16 1.18833333333
60 16 1.49403846154
61 16 1.87929487179
62 16 1.93685897436
63 16 1.98602564103
64 16 1.88333333333
65 16 1.58102564103
66 16 1.36743589744
67 16 1.38211538462
68 16 1.13108974359
69 16 1.33166666667
70 16 1.11243589744
71 16 1.37224358974
72 16 1.30128205128
73 16 1.13147435897
74 16 1.25775641026
75 16 1.02833333333
76 16 1.20371794872
77 16 1.38019230769
78 16 1.34782051282
79 16 1.23512820513
80 16 1.66724358974
81 16 1.79653846154
19 17 0.482294871795
20 17 0.604698717949
21 17 0.65333974359
22 17 0.687884615385
23 17 0.729935897436
24 17 0.871878205128
25 17 0.972948717949
26 17 0.786224358974
27 17 0.65808974359
28 17 0.811666666667
29 17 0.728564102564
30 17 0.500480769231
31 17 0.81425
32 17 0.802288461538
33 17 0.788576923077
34 17 0.688179487179
35 17 0.968525641026
36 17 0.842294871795
37 17 1.04243589744
38 17 0.788217948718
39 17 1.10538461538
40 17 1.30461538462
41 17 0.706435897436
42 17 0.906512820513
43 17 1.16756410256
44 17 1.28352564103
45 17 1.18576923077
46 17 1.16147435897
47 17 1.2091025641
48 17 0.979487179487
49 17 1.08583333333
50 17 1.09916666667
51 17 0.985256410256
52 17 0.837416666667
53 17 0.772108974359
54 17 0.957929487179
55 17 0.680653846154
56 17 0.857487179487
57 17 0.999743589744
58 17 0.80858974359
59 17 0.913083333333
60 17 1.04948717949
61 17 1.50051282051
62 17 1.7525
63 17 1.82076923077
64 17 1.74942307692
65 17 1.51423076923
66 17 1.19730769231
67 17 1.39301282051
68 17 1.18198717949
69 17 1.02217948718
70 17 1.02551282051
71 17 1.14544871795
72 17 1.16346153846
73 17 0.998903846154
74 17 1.01083333333
75 17 0.972641025641
76 17 1.04621794872
77 17 1.10185897436
78 17 1.1291025641
79 17 1.17487179487
80 17 1.20057692308
81 17 1.34583333333
19 18 0.571608974359
20 18 0.460948717949
21 18 0.449102564103
22 18 0.528070512821
23 18 0.595141025641
24 18 0.679961538462
25 18 0.855
26 18 0.681557692308
27 18 0.550576923077
28 18 0.591179487179
29 18 0.712871794872
30 18 0.639608974359
31 18 0.687282051282
32 18 0.525326923077
33 18 0.491865384615
34 18 0.431064102564
35 18 0.657051282051
36 18 0.592429487179
37 18 0.74675
38 18 0.868006410256
39 18 1.02083333333
40 18 0.742583333333
41 18 0.567820512821
42 18 0.763666666667
43 18 0.711775641026
44 18 1.13461538462
45 18 0.900429487179
46 18 1.04942307692
47 18 1.18301282051
48 18 1.05217948718
49 18 0.872628205128
50 18 0.961217948718
51 18 0.898852564103
52 18 0.742275641026
53 18 0.613006410256
54 18 0.901858974359
55 18 0.598576923077
56 18 0.572480769231
57 18 0.942153846154
58 18 0.653326923077
59 18 0.907641025641
60 18 0.916891025641
61 18 0.970397435897
62 18 1.28878205128
63 18 1.4641025641
64 18 1.49673076923
65 18 1.30429487179
66 18 0.952294871795
67 18 1.21935897436
68 18 1.15211538462
69 18 1.04397435897
70 18 1.11935897436
71 18 1.12358974359
72 18 1.10423076923
73 18 0.994102564103
74 18 0.899891025641
75 18 1.05673076923
76 18 0.972903846154
77 18 1.04243589744
78 18 0.994935897436
79 18 0.889346153846
80 18 1.05365384615
81 18 1.27
19 19 0.499435897436
20 19 0.426378205128
21 19 0.41216025641
22 19 0.46466025641
23 19 0.475166666667
24 19 0.555673076923
25 19 0.590769230769
26 19 0.548076923077
27 19 0.457935897436
28 19 0.577153846154
29 19 0.835602564103
30 19 0.522083333333
31 19 0.514243589744
32 19 0.45583974359
33 19 0.710615384615
34 19 0.542544871795
35 19 0.652641025641
36 19 0.793820512821
37 19 0.658217948718
38 19 0.791628205128
39 19 0.614737179487
40 19 0.709679487179
41 19 1.01506410256
42 19 0.604032051282
43 19 0.672737179487
44 19 0.749012820513
45 19 0.655455128205
46 19 1.00814102564
47 19 1.0608974359
48 19 1.05993589744
49 19 0.830993589744
50 19 0.776666666667
51 19 0.801365384615
52 19 0.690365384615
53 19 0.538262820513
54 19 0.55783974359
55 19 0.565730769231
56 19 0.541506410256
57 19 0.65341025641
58 19 0.806993589744
59 19 0.720467948718
60 19 0.706596153846
61 19 0.773192307692
62 19 0.862794871795
63 19 1.02217948718
64 19 1.15
65 19 1.04147435897
66 19 0.717641025641
67 19 0.933955128205
68 19 0.991217948718
69 19 0.980512820513
70 19 1.14858974359
71 19 1.22070512821
72 19 1.12730769231
73 19 0.991076923077
74 19 0.890384615385
75 19 0.828326923077
76 19 0.878852564103
77 19 0.951038461538
78 19 0.957685897436
79 19 0.760230769231
80 19 0.803108974359
81 19 1.02108974359
19 20 0.413147435897
20 20 0.496185897436
21 20 0.4165
22 20 0.417205128205
23 20 0.429814102564
24 20 0.473961538462
25 20 0.427480769231
26 20 0.433846153846
27 20 0.46141025641
28 20 0.45983974359
29 20 0.670493589744
30 20 0.500634615385
31 20 0.552166666667
32 20 0.352935897436
33 20 0.420121794872
34 20 0.389128205128
35 20 0.509692307692
36 20 0.435769230769
37 20 0.471474358974
38 20 0.425916666667
39 20 0.869724358974
40 20 0.731980769231
41 20 0.693692307692
42 20 0.478326923077
43 20 0.637923076923
44 20 0.548923076923
45 20 0.636955128205
46 20 0.666083333333
47 20 0.97041025641
48 20 1.04467948718
49 20 0.873801282051
50 20 0.693391025641
51 20 0.657794871795
52 20 0.640153846154
53 20 0.538237179487
54 20 0.579673076923
55 20 0.503685897436
56 20 0.548198717949
57 20 0.527717948718
58 20 0.646365384615
59 20 0.479205128205
60 20 0.634320512821
61 20 0.462147435897
62 20 0.703141025641
63 20 0.706807692308
64 20 0.828455128205
65 20 0.767179487179
66 20 0.538871794872
67 20 0.629846153846
68 20 0.723256410256
69 20 0.812493589744
70 20 1.07621794872
71 20 1.21929487179
72 20 1.18955128205
73 20 1.02038461538
74 20 0.896269230769
75 20 0.803852564103
76 20 0.839134615385
77 20 0.841814102564
78 20 0.887525641026
79 20 0.700538461538
80 20 0.677442307692
81 20 0.774256410256
