19 11 0.149E+02
20 11 0.275E+02
21 11 0.151E+02
22 11 0.116E+02
23 11 0.785E+01
24 11 0.133E+02
25 11 0.164E+02
26 11 0.246E+02
27 11 0.321E+02
28 11 0.194E+02
29 11 0.160E+02
30 11 0.107E+02
31 11 0.146E+02
32 11 0.109E+02
33 11 0.176E+02
34 11 0.254E+02
35 11 0.255E+02
36 11 0.197E+02
37 11 0.231E+02
38 11 0.378E+02
39 11 0.341E+02
40 11 0.195E+02
41 11 0.302E+02
42 11 0.316E+02
43 11 0.264E+02
44 11 0.290E+02
45 11 0.254E+02
46 11 0.291E+02
47 11 0.169E+02
48 11 0.178E+02
49 11 0.201E+02
50 11 0.215E+02
51 11 0.150E+02
52 11 0.142E+02
53 11 0.175E+02
54 11 0.310E+02
55 11 0.141E+02
56 11 0.270E+02
57 11 0.193E+02
58 11 0.218E+02
59 11 0.189E+02
60 11 0.248E+02
61 11 0.205E+02
62 11 0.207E+02
63 11 0.178E+02
64 11 0.221E+02
65 11 0.226E+02
66 11 0.244E+02
67 11 0.192E+02
68 11 0.234E+02
69 11 0.316E+02
70 11 0.330E+02
71 11 0.253E+02
72 11 0.262E+02
73 11 0.329E+02
74 11 0.185E+02
75 11 0.157E+02
76 11 0.342E+02
77 11 0.405E+02
78 11 0.216E+02
79 11 0.232E+02
80 11 0.260E+02
81 11 0.217E+02
19 12 0.800E+01
20 12 0.156E+02
21 12 0.123E+02
22 12 0.105E+02
23 12 0.100E+02
24 12 0.112E+02
25 12 0.102E+02
26 12 0.192E+02
27 12 0.201E+02
28 12 0.139E+02
29 12 0.165E+02
30 12 0.128E+02
31 12 0.135E+02
32 12 0.165E+02
33 12 0.208E+02
34 12 0.252E+02
35 12 0.139E+02
36 12 0.137E+02
37 12 0.247E+02
38 12 0.299E+02
39 12 0.156E+02
40 12 0.106E+02
41 12 0.136E+02
42 12 0.369E+02
43 12 0.201E+02
44 12 0.197E+02
45 12 0.209E+02
46 12 0.226E+02
47 12 0.162E+02
48 12 0.155E+02
49 12 0.150E+02
50 12 0.143E+02
51 12 0.143E+02
52 12 0.194E+02
53 12 0.146E+02
54 12 0.157E+02
55 12 0.140E+02
56 12 0.205E+02
57 12 0.166E+02
58 12 0.221E+02
59 12 0.231E+02
60 12 0.186E+02
61 12 0.183E+02
62 12 0.194E+02
63 12 0.151E+02
64 12 0.162E+02
65 12 0.144E+02
66 12 0.130E+02
67 12 0.135E+02
68 12 0.192E+02
69 12 0.261E+02
70 12 0.293E+02
71 12 0.284E+02
72 12 0.270E+02
73 12 0.202E+02
74 12 0.185E+02
75 12 0.153E+02
76 12 0.272E+02
77 12 0.271E+02
78 12 0.184E+02
79 12 0.205E+02
80 12 0.191E+02
81 12 0.186E+02
19 13 0.179E+02
20 13 0.105E+02
21 13 0.120E+02
22 13 0.112E+02
23 13 0.998E+01
24 13 0.107E+02
25 13 0.132E+02
26 13 0.181E+02
27 13 0.227E+02
28 13 0.150E+02
29 13 0.163E+02
30 13 0.118E+02
31 13 0.114E+02
32 13 0.120E+02
33 13 0.202E+02
34 13 0.179E+02
35 13 0.108E+02
36 13 0.148E+02
37 13 0.201E+02
38 13 0.194E+02
39 13 0.184E+02
40 13 0.134E+02
41 13 0.122E+02
42 13 0.255E+02
43 13 0.329E+02
44 13 0.173E+02
45 13 0.254E+02
46 13 0.184E+02
47 13 0.115E+02
48 13 0.951E+01
49 13 0.128E+02
50 13 0.155E+02
51 13 0.140E+02
52 13 0.129E+02
53 13 0.115E+02
54 13 0.143E+02
55 13 0.137E+02
56 13 0.157E+02
57 13 0.158E+02
58 13 0.146E+02
59 13 0.156E+02
60 13 0.176E+02
61 13 0.188E+02
62 13 0.190E+02
63 13 0.168E+02
64 13 0.139E+02
65 13 0.132E+02
66 13 0.239E+02
67 13 0.153E+02
68 13 0.135E+02
69 13 0.182E+02
70 13 0.226E+02
71 13 0.221E+02
72 13 0.239E+02
73 13 0.178E+02
74 13 0.185E+02
75 13 0.141E+02
76 13 0.196E+02
77 13 0.172E+02
78 13 0.148E+02
79 13 0.206E+02
80 13 0.203E+02
81 13 0.182E+02
19 14 0.966E+01
20 14 0.872E+01
21 14 0.843E+01
22 14 0.799E+01
23 14 0.982E+01
24 14 0.102E+02
25 14 0.988E+01
26 14 0.994E+01
27 14 0.925E+01
28 14 0.818E+01
29 14 0.971E+01
30 14 0.859E+01
31 14 0.812E+01
32 14 0.101E+02
33 14 0.119E+02
34 14 0.962E+01
35 14 0.854E+01
36 14 0.841E+01
37 14 0.112E+02
38 14 0.114E+02
39 14 0.855E+01
40 14 0.810E+01
41 14 0.948E+01
42 14 0.150E+02
43 14 0.263E+02
44 14 0.135E+02
45 14 0.127E+02
46 14 0.127E+02
47 14 0.909E+01
48 14 0.118E+02
49 14 0.113E+02
50 14 0.119E+02
51 14 0.130E+02
52 14 0.121E+02
53 14 0.106E+02
54 14 0.111E+02
55 14 0.998E+01
56 14 0.124E+02
57 14 0.146E+02
58 14 0.139E+02
59 14 0.134E+02
60 14 0.182E+02
61 14 0.199E+02
62 14 0.197E+02
63 14 0.185E+02
64 14 0.156E+02
65 14 0.132E+02
66 14 0.124E+02
67 14 0.120E+02
68 14 0.998E+01
69 14 0.111E+02
70 14 0.170E+02
71 14 0.188E+02
72 14 0.167E+02
73 14 0.126E+02
74 14 0.116E+02
75 14 0.125E+02
76 14 0.140E+02
77 14 0.140E+02
78 14 0.175E+02
79 14 0.182E+02
80 14 0.212E+02
81 14 0.190E+02
19 15 0.112E+02
20 15 0.667E+01
21 15 0.743E+01
22 15 0.780E+01
23 15 0.827E+01
24 15 0.680E+01
25 15 0.925E+01
26 15 0.938E+01
27 15 0.109E+02
28 15 0.102E+02
29 15 0.886E+01
30 15 0.102E+02
31 15 0.535E+01
32 15 0.617E+01
33 15 0.942E+01
34 15 0.891E+01
35 15 0.107E+02
36 15 0.929E+01
37 15 0.916E+01
38 15 0.171E+02
39 15 0.165E+02
40 15 0.109E+02
41 15 0.913E+01
42 15 0.852E+01
43 15 0.136E+02
44 15 0.120E+02
45 15 0.106E+02
46 15 0.109E+02
47 15 0.793E+01
48 15 0.101E+02
49 15 0.107E+02
50 15 0.109E+02
51 15 0.112E+02
52 15 0.106E+02
53 15 0.938E+01
54 15 0.948E+01
55 15 0.849E+01
56 15 0.915E+01
57 15 0.114E+02
58 15 0.118E+02
59 15 0.117E+02
60 15 0.164E+02
61 15 0.200E+02
62 15 0.199E+02
63 15 0.187E+02
64 15 0.165E+02
65 15 0.127E+02
66 15 0.116E+02
67 15 0.115E+02
68 15 0.910E+01
69 15 0.874E+01
70 15 0.118E+02
71 15 0.149E+02
72 15 0.149E+02
73 15 0.116E+02
74 15 0.880E+01
75 15 0.106E+02
76 15 0.122E+02
77 15 0.132E+02
78 15 0.121E+02
79 15 0.126E+02
80 15 0.177E+02
81 15 0.189E+02
19 16 0.507E+01
20 16 0.624E+01
21 16 0.722E+01
22 16 0.730E+01
23 16 0.554E+01
24 16 0.616E+01
25 16 0.681E+01
26 16 0.549E+01
27 16 0.973E+01
28 16 0.993E+01
29 16 0.936E+01
30 16 0.832E+01
31 16 0.545E+01
32 16 0.550E+01
33 16 0.901E+01
34 16 0.699E+01
35 16 0.777E+01
36 16 0.796E+01
37 16 0.714E+01
38 16 0.114E+02
39 16 0.113E+02
40 16 0.936E+01
41 16 0.726E+01
42 16 0.103E+02
43 16 0.102E+02
44 16 0.114E+02
45 16 0.115E+02
46 16 0.106E+02
47 16 0.849E+01
48 16 0.911E+01
49 16 0.102E+02
50 16 0.994E+01
51 16 0.946E+01
52 16 0.873E+01
53 16 0.785E+01
54 16 0.800E+01
55 16 0.662E+01
56 16 0.763E+01
57 16 0.910E+01
58 16 0.110E+02
59 16 0.990E+01
60 16 0.121E+02
61 16 0.171E+02
62 16 0.186E+02
63 16 0.180E+02
64 16 0.164E+02
65 16 0.129E+02
66 16 0.106E+02
67 16 0.114E+02
68 16 0.895E+01
69 16 0.900E+01
70 16 0.842E+01
71 16 0.113E+02
72 16 0.127E+02
73 16 0.107E+02
74 16 0.106E+02
75 16 0.853E+01
76 16 0.894E+01
77 16 0.112E+02
78 16 0.108E+02
79 16 0.107E+02
80 16 0.114E+02
81 16 0.145E+02
19 17 0.378E+01
20 17 0.465E+01
21 17 0.537E+01
22 17 0.523E+01
23 17 0.514E+01
24 17 0.645E+01
25 17 0.647E+01
26 17 0.626E+01
27 17 0.524E+01
28 17 0.541E+01
29 17 0.618E+01
30 17 0.400E+01
31 17 0.499E+01
32 17 0.488E+01
33 17 0.634E+01
34 17 0.485E+01
35 17 0.694E+01
36 17 0.552E+01
37 17 0.729E+01
38 17 0.621E+01
39 17 0.900E+01
40 17 0.101E+02
41 17 0.540E+01
42 17 0.724E+01
43 17 0.866E+01
44 17 0.104E+02
45 17 0.105E+02
46 17 0.962E+01
47 17 0.938E+01
48 17 0.752E+01
49 17 0.890E+01
50 17 0.917E+01
51 17 0.842E+01
52 17 0.724E+01
53 17 0.626E+01
54 17 0.649E+01
55 17 0.501E+01
56 17 0.598E+01
57 17 0.759E+01
58 17 0.602E+01
59 17 0.700E+01
60 17 0.847E+01
61 17 0.121E+02
62 17 0.148E+02
63 17 0.156E+02
64 17 0.149E+02
65 17 0.122E+02
66 17 0.896E+01
67 17 0.108E+02
68 17 0.914E+01
69 17 0.756E+01
70 17 0.775E+01
71 17 0.885E+01
72 17 0.106E+02
73 17 0.958E+01
74 17 0.759E+01
75 17 0.799E+01
76 17 0.856E+01
77 17 0.892E+01
78 17 0.883E+01
79 17 0.906E+01
80 17 0.988E+01
81 17 0.113E+02
19 18 0.391E+01
20 18 0.362E+01
21 18 0.369E+01
22 18 0.425E+01
23 18 0.481E+01
24 18 0.519E+01
25 18 0.605E+01
26 18 0.562E+01
27 18 0.427E+01
28 18 0.422E+01
29 18 0.461E+01
30 18 0.458E+01
31 18 0.399E+01
32 18 0.451E+01
33 18 0.419E+01
34 18 0.328E+01
35 18 0.550E+01
36 18 0.401E+01
37 18 0.551E+01
38 18 0.629E+01
39 18 0.667E+01
40 18 0.472E+01
41 18 0.457E+01
42 18 0.536E+01
43 18 0.545E+01
44 18 0.749E+01
45 18 0.665E+01
46 18 0.812E+01
47 18 0.918E+01
48 18 0.794E+01
49 18 0.712E+01
50 18 0.794E+01
51 18 0.759E+01
52 18 0.640E+01
53 18 0.518E+01
54 18 0.614E+01
55 18 0.456E+01
56 18 0.478E+01
57 18 0.589E+01
58 18 0.560E+01
59 18 0.608E+01
60 18 0.678E+01
61 18 0.732E+01
62 18 0.101E+02
63 18 0.118E+02
64 18 0.123E+02
65 18 0.105E+02
66 18 0.702E+01
67 18 0.933E+01
68 18 0.882E+01
69 18 0.774E+01
70 18 0.864E+01
71 18 0.861E+01
72 18 0.894E+01
73 18 0.870E+01
74 18 0.722E+01
75 18 0.781E+01
76 18 0.787E+01
77 18 0.839E+01
78 18 0.800E+01
79 18 0.660E+01
80 18 0.785E+01
81 18 0.987E+01
19 19 0.358E+01
20 19 0.314E+01
21 19 0.342E+01
22 19 0.403E+01
23 19 0.350E+01
24 19 0.422E+01
25 19 0.427E+01
26 19 0.384E+01
27 19 0.336E+01
28 19 0.370E+01
29 19 0.569E+01
30 19 0.411E+01
31 19 0.425E+01
32 19 0.321E+01
33 19 0.440E+01
34 19 0.403E+01
35 19 0.567E+01
36 19 0.586E+01
37 19 0.486E+01
38 19 0.471E+01
39 19 0.456E+01
40 19 0.545E+01
41 19 0.725E+01
42 19 0.421E+01
43 19 0.478E+01
44 19 0.612E+01
45 19 0.465E+01
46 19 0.674E+01
47 19 0.823E+01
48 19 0.814E+01
49 19 0.609E+01
50 19 0.630E+01
51 19 0.658E+01
52 19 0.586E+01
53 19 0.474E+01
54 19 0.435E+01
55 19 0.476E+01
56 19 0.431E+01
57 19 0.488E+01
58 19 0.550E+01
59 19 0.492E+01
60 19 0.527E+01
61 19 0.553E+01
62 19 0.627E+01
63 19 0.810E+01
64 19 0.918E+01
65 19 0.812E+01
66 19 0.528E+01
67 19 0.704E+01
68 19 0.751E+01
69 19 0.744E+01
70 19 0.903E+01
71 19 0.935E+01
72 19 0.876E+01
73 19 0.784E+01
74 19 0.706E+01
75 19 0.652E+01
76 19 0.706E+01
77 19 0.756E+01
78 19 0.767E+01
79 19 0.610E+01
80 19 0.651E+01
81 19 0.747E+01
19 20 0.322E+01
20 20 0.356E+01
21 20 0.356E+01
22 20 0.335E+01
23 20 0.348E+01
24 20 0.327E+01
25 20 0.324E+01
26 20 0.310E+01
27 20 0.326E+01
28 20 0.340E+01
29 20 0.495E+01
30 20 0.364E+01
31 20 0.417E+01
32 20 0.264E+01
33 20 0.326E+01
34 20 0.330E+01
35 20 0.373E+01
36 20 0.307E+01
37 20 0.321E+01
38 20 0.318E+01
39 20 0.662E+01
40 20 0.539E+01
41 20 0.519E+01
42 20 0.362E+01
43 20 0.502E+01
44 20 0.392E+01
45 20 0.512E+01
46 20 0.515E+01
47 20 0.725E+01
48 20 0.807E+01
49 20 0.661E+01
50 20 0.487E+01
51 20 0.527E+01
52 20 0.516E+01
53 20 0.450E+01
54 20 0.453E+01
55 20 0.387E+01
56 20 0.452E+01
57 20 0.404E+01
58 20 0.445E+01
59 20 0.378E+01
60 20 0.413E+01
61 20 0.323E+01
62 20 0.503E+01
63 20 0.517E+01
64 20 0.663E+01
65 20 0.615E+01
66 20 0.409E+01
67 20 0.442E+01
68 20 0.537E+01
69 20 0.616E+01
70 20 0.805E+01
71 20 0.957E+01
72 20 0.909E+01
73 20 0.778E+01
74 20 0.697E+01
75 20 0.612E+01
76 20 0.666E+01
77 20 0.662E+01
78 20 0.699E+01
79 20 0.554E+01
80 20 0.545E+01
81 20 0.626E+01
